image: map.pgm
resolution: 0.050000
origin: [-10.880896, -6.821457, 0.0]
negate: 0
occupied_thresh: 0.65
free_thresh: 0.196
